0,0
0,511
0,420
0,300
0,542
0,419
0,299
0,561
0,418
0,298
0,560
0,417
0,297
0,471
0,416
0,296
0,510
0,470
0,295
0,469
0,415
0,294
0,468
0,414
0,293
0,541
0,413
0,292
0,540
0,412
0,291
0,559
0,410
0,290
0,509
0,409
0,289
0,508
0,467
0,288
0,558
0,408
0,287
0,557
0,407
0,286
0,539
0,404
0,285
0,506
0,406
0,284
0,505
0,405
0,283
0,556
0,466
0,282
0,465
0,464
0,281
0,538
0,403
0,280
0,504
0,402
0,279
0,503
0,401
0,278
0,502
0,400
0,277
0,501
0,399
0,276
0,537
0,398
0,275
0,536
0,397
0,274
0,555
0,396
0,273
0,463
0,395
0,272
0,500
0,462
0,271
0,461
0,394
0,270
0,460
0,393
0,269
0,534
0,392
0,268
0,535
0,391
0,267
0,499
0,390
0,266
0,498
0,387
0,265
0,459
0,389
0,264
0,496
0,388
0,263
0,533
0,495
0,262
0,532
0,531
0,261
0,458
0,386
0,260
0,457
0,385
0,259
0,456
0,569
0,258
0,455
0,383
0,257
0,454
0,382
0,256
0,554
0,381
0,255
0,530
0,494
0,254
0,493
0,380
0,253
0,492
0,379
0,252
0,491
0,378
0,251
0,490
0,377
0,250
0,553
0,376
0,249
0,453
0,375
0,248
0,552
0,452
0,247
0,451
0,374
0,246
0,450
0,373
0,245
0,529
0,372
0,244
0,528
0,371
0,242
0,566
0,370
0,241
0,449
0,369
0,240
0,527
0,448
0,239
0,489
0,368
0,238
0,488
0,367
0,237
3,3
4,3
5,3
56,2
57,2
57,3
94,3
57,6
69,3
57,8
57,9
81,3
57,11
58,2
77,3
59,2
59,4
59,5
59,6
59,8
59,9
60,2
60,3
61,3
62,2
63,2
63,4
64,2
65,2
65,3
66,3
66,5
66,6
68,2
68,3
68,5
68,7
68,8
70,2
70,3
71,3
72,2
72,4
72,6
72,7
73,2
73,3
73,5
74,2
74,3
75,3
76,2
77,2
78,2
79,2
81,2
81,4
82,1
82,2
89,0
89,2
89,3
93,0
93,1
93,3
93,4
94,1
95,0
95,1
96,0
96,1
96,3
96,5
96,6
97,1
97,2
97,0
96,4
96,2
95,2
94,2
94,0
93,2
89,4
89,1
82,3
82,0
79,3
78,3
76,3
75,2
73,6
73,4
72,8
72,5
72,3
71,2
69,2
68,6
68,4
66,7
66,4
66,2
64,3
63,3
62,3
61,2
59,10
59,7
97,3
59,3
58,3
95,3
57,10
57,7
57,5
57,4
56,3
5,2
4,2
3,2
0,507
0,411
0,323
0,308
0,307
0,243
0,9
0,1
0,551
0,364
0,236
0,565
0,363
0,235
0,362
0,234
0,365
0,361
0,233
0,487
0,447
0,232
0,446
0,360
0,231
0,445
0,359
0,230
0,550
0,358
0,229
0,486
0,357
0,228
0,485
0,356
0,227
0,484
0,355
0,226
0,444
0,354
0,225
0,443
0,353
0,224
0,352
0,223
0,549
0,526
0,222
0,525
0,351
0,221
0,442
0,350
0,220
0,441
0,349
0,219
0,524
0,348
0,218
0,440
0,347
0,217
0,483
0,346
0,216
0,523
0,482
0,215
0,481
0,345
0,214
0,480
0,344
0,213
0,439
0,343
0,212
0,548
0,342
0,211
0,564
0,341
0,210
0,522
0,340
0,209
0,479
0,438
0,208
0,521
0,339
0,207
0,520
0,338
0,206
0,437
0,337
0,205
0,478
0,336
0,204
0,477
0,335
0,203
0,435
0,334
0,202
0,476
0,333
0,201
0,547
0,332
0,200
0,546
0,434
0,199
0,519
0,331
0,198
0,433
0,568
0,197
0,432
0,327
0,196
0,431
0,329
0,195
0,518
0,328
0,194
0,545
0,430
0,193
0,475
0,429
0,192
0,474
0,326
0,63
0,428
0,325
0,62
0,427
0,324
0,61
0,562
0,322
0,60
0,544
0,321
0,59
0,517
0,320
0,58
0,516
0,319
0,57
0,515
0,426
0,56
0,425
0,318
0,55
0,424
0,317
0,54
0,543
0,316
0,53
0,567
0,315
0,52
0,423
0,314
0,51
0,473
0,313
0,50
0,472
0,312
0,49
0,422
0,48
0,421
0,310
0,47
0,514
0,309
0,46
0,513
0,306
0,45
0,512
0,301
0,6
0,5
0,304
0,303
0,570
0,563
0,305
0,302
0,12
0,366
0,10
0,8
0,11
0,4
0,2
0,3
0,7
